28374 354.171021 354.171021 37.746468 -0.018873  1.927269
28384 354.171021 351.645813 30.531555 -0.015255  1.930886
28394 354.171021 351.645813 30.531555 -0.015255  1.930886
28404 354.171021 350.329895 26.202097 -0.013086  1.933056
28414 354.171021 350.329895 26.202097 -0.013086  1.933056
28424 354.171021 349.078613 22.230465 -0.011095  1.935047
28434 354.171021 349.897522 22.772968 -0.011369  1.934772
28444 354.171021 349.897522 22.772968 -0.011369  1.934772
28454 354.171021 348.781891 19.255405 -0.009606  1.936536
28464 354.171021 349.665771 20.076132 -0.010020  1.936122
28474 354.171021 349.665771 20.076132 -0.010020  1.936122
28484 354.171021 348.273712 16.122169 -0.008037  1.938104
28494 354.171021 348.273712 16.122169 -0.008037  1.938104
28504 354.171021 347.497192 13.657905 -0.006802  1.939340
28514 354.171021 346.039429  9.907091 -0.004921  1.941221
28524 354.171021 346.039429  9.907091 -0.004921  1.941221
28534 354.171021 341.190125 -0.700508  0.000402  1.946544
28544 354.171021 336.700897 -10.006113  0.005073  1.951215
28554 354.171021 336.700897 -10.006113  0.005073  1.951215
28564 354.171021 332.773285 -17.655888  0.008914  1.955055
28574 354.171021 332.773285 -17.655888  0.008914  1.955055
28584 354.171021 325.212524 -32.473549  0.016353  1.962494
28594 354.171021 318.389038 -44.984848  0.022636  1.968777
28604 354.171021 318.389038 -44.984848  0.022636  1.968777
28614 354.171021 312.113831 -55.705521  0.028021  1.974163
28624 354.171021 312.317108 -52.387768  0.026361  1.972503
28634 354.171021 312.317108 -52.387768  0.026361  1.972503
28644 354.171021 306.117889 -62.555901  0.031470  1.977612
28654 354.171021 306.117889 -62.555901  0.031470  1.977612
28664 354.171021 295.995300 -80.353722  0.040410  1.986552
28674 354.171021 290.433105 -87.732498  0.044121  1.990263
28684 354.171021 290.433105 -87.732498  0.044121  1.990263
28694 354.171021 282.532806 -99.588615  0.050081  1.996223
28704 354.171021 276.338257 -107.276489  0.053950  2.000092
28714 354.171021 276.338257 -107.276489  0.053950  2.000092
28724 354.171021 268.269928 -118.464050  0.059576  2.005718
28734 354.171021 268.269928 -118.464050  0.059576  2.005718
28744 354.171021 260.547302 -128.348648  0.064549  2.010691
28754 354.171021 254.256805 -134.733749  0.067767  2.013909
28764 354.171021 254.256805 -134.733749  0.067767  2.013909
28774 354.171021 248.766495 -139.119003  0.069981  2.016123
28784 354.171021 244.473419 -140.782166  0.070830  2.016972
28794 354.171021 244.473419 -140.782166  0.070830  2.016972
28804 354.171021 241.954132 -138.664383  0.069781  2.015923
28814 354.171021 241.954132 -138.664383  0.069781  2.015923
28824 354.171021 237.624802 -140.426163  0.070680  2.016821
28834 354.171021 238.552460 -131.162216  0.066044  2.012186
28844 354.171021 238.552460 -131.162216  0.066044  2.012186
28854 354.171021 241.156082 -118.897926  0.059901  2.006043
28864 354.171021 245.580704 -103.487427  0.052178  1.998320
28874 354.171021 245.580704 -103.487427  0.052178  1.998320
28884 354.171021 249.360626 -90.224907  0.045532  1.991674
28894 354.171021 249.360626 -90.224907  0.045532  1.991674
28904 354.171021 258.986084 -65.491394  0.033127  1.979269
28914 354.171021 267.505585 -44.348392  0.022521  1.968663
28924 354.171021 267.505585 -44.348392  0.022521  1.968663
28934 354.171021 273.439240 -29.689774  0.015168  1.961310
28944 354.171021 278.287415 -18.057762  0.009333  1.955474
28954 354.171021 278.287415 -18.057762  0.009333  1.955474
28964 354.171021 288.938690  5.043594 -0.002260  1.943881
28974 354.171021 288.938690  5.043594 -0.002260  1.943881
28984 354.171021 291.778534 10.688803 -0.005094  1.941047
28994 354.171021 297.983398 23.039852 -0.011295  1.934847
29004 354.171021 297.983398 23.039852 -0.011295  1.934847
29014 354.171021 306.413086 39.379295 -0.019498  1.926643
29024 354.171021 310.988708 46.851093 -0.023252  1.922889
29034 354.171021 310.988708 46.851093 -0.023252  1.922889
29044 354.171021 318.734955 60.532600 -0.030124  1.916018
29054 354.171021 318.734955 60.532600 -0.030124  1.916018
29064 354.171021 329.127319 79.010735 -0.039405  1.906737
29074 354.171021 336.558411 90.364723 -0.045112  1.901030
29084 354.171021 336.558411 90.364723 -0.045112  1.901030
29094 354.171021 344.069031 101.293396 -0.050606  1.895536
29104 354.171021 351.045868 110.538826 -0.055257  1.890885
29114 354.171021 351.045868 110.538826 -0.055257  1.890885
29124 354.171021 361.658844 126.861969 -0.063461  1.882681
29134 354.171021 361.658844 126.861969 -0.063461  1.882681
29144 354.171021 368.896210 135.310364 -0.067714  1.878428
29154 354.171021 377.646301 146.471313 -0.073329  1.872813
29164 354.171021 377.646301 146.471313 -0.073329  1.872813
29174 354.171021 387.232178 158.794174 -0.079529  1.866613
29184 354.171021 393.963287 164.541824 -0.082430  1.863712
29194 354.171021 393.963287 164.541824 -0.082430  1.863712
29204 354.171021 401.433319 171.524963 -0.085951  1.860190
29214 354.171021 401.433319 171.524963 -0.085951  1.860190
29224 354.171021 410.016418 180.452805 -0.090450  1.855692
29234 354.171021 409.595428 170.191391 -0.085317  1.860825
29244 354.171021 409.595428 170.191391 -0.085317  1.860825
29254 354.171021 412.270050 166.905060 -0.083685  1.862457
29264 354.171021 408.026764 149.395508 -0.074913  1.871229
29274 354.171021 408.026764 149.395508 -0.074913  1.871229
29284 354.171021 409.593353 144.885574 -0.072664  1.873477
29294 354.171021 409.593353 144.885574 -0.072664  1.873477
29304 354.171021 412.051910 142.465515 -0.071464  1.874678
29314 354.171021 415.463287 142.146301 -0.071318  1.874824
29324 354.171021 415.463287 142.146301 -0.071318  1.874824
29334 354.171021 416.401611 136.699402 -0.068599  1.877543
29344 354.171021 421.838165 140.893066 -0.070717  1.875425
29354 354.171021 421.838165 140.893066 -0.070717  1.875425
29364 354.171021 426.903229 144.097931 -0.072340  1.873802
29374 354.171021 426.903229 144.097931 -0.072340  1.873802
29384 354.171021 430.242950 143.539581 -0.072074  1.874068
29394 354.171021 434.025116 143.926910 -0.072283  1.873859
29404 354.171021 434.025116 143.926910 -0.072283  1.873859
29414 354.171021 435.265228 139.002899 -0.069826  1.876316
29424 354.171021 438.371307 138.209976 -0.069442  1.876700
29434 354.171021 438.371307 138.209976 -0.069442  1.876700
29444 354.171021 443.164734 140.966827 -0.070839  1.875302
29454 354.171021 443.164734 140.966827 -0.070839  1.875302
29464 354.171021 441.162567 129.446869 -0.065071  1.881070
29474 354.171021 441.312988 123.008865 -0.061853  1.884289
29484 354.171021 441.312988 123.008865 -0.061853  1.884289
29494 354.171021 438.479889 110.705429 -0.055690  1.890452
29504 354.171021 434.852936 97.396553 -0.049021  1.897121
29514 354.171021 434.852936 97.396553 -0.049021  1.897121
29524 354.171021 432.665100 87.773819 -0.044201  1.901941
29534 354.171021 432.665100 87.773819 -0.044201  1.901941
29544 354.171021 428.087921 73.679420 -0.037135  1.909006
29554 354.171021 422.310455 57.821545 -0.029183  1.916958
29564 354.171021 422.310455 57.821545 -0.029183  1.916958
29574 354.171021 420.566986 51.185097 -0.025858  1.920284
29584 354.171021 420.975677 49.372131 -0.024953  1.921188
29594 354.171021 420.975677 49.372131 -0.024953  1.921188
29604 354.171021 418.641052 41.951290 -0.021234  1.924908
29614 354.171021 418.641052 41.951290 -0.021234  1.924908
29624 354.171021 411.058167 23.998718 -0.012227  1.933915
29634 354.171021 404.462616  9.033115 -0.004718  1.941424
29644 354.171021 404.462616  9.033115 -0.004718  1.941424
29654 354.171021 399.772980 -1.190798  0.000413  1.946555
29664 354.171021 390.734772 -19.929739  0.009819  1.955960
29674 354.171021 390.734772 -19.929739  0.009819  1.955960
29684 354.171021 381.337708 -38.438400  0.019110  1.965252
29694 354.171021 381.337708 -38.438400  0.019110  1.965252
29704 354.171021 373.990051 -51.718735  0.025780  1.971922
29714 354.171021 367.903046 -61.681686  0.030786  1.976928
29724 354.171021 367.903046 -61.681686  0.030786  1.976928
29734 354.171021 361.619537 -71.535011  0.035738  1.981879
29744 354.171021 350.870026 -90.165909  0.045096  1.991238
29754 354.171021 350.870026 -90.165909  0.045096  1.991238
29764 354.171021 342.852936 -102.143555  0.051117  1.997259
29774 354.171021 342.852936 -102.143555  0.051117  1.997259
29784 354.171021 335.742523 -111.613678  0.055881  2.002022
29794 354.171021 333.359497 -110.759796  0.055463  2.001605
29804 354.171021 333.359497 -110.759796  0.055463  2.001605
29814 354.171021 329.052002 -113.951385  0.057076  2.003218
29824 354.171021 324.163300 -118.185913  0.059213  2.005355
29834 354.171021 324.163300 -118.185913  0.059213  2.005355
29844 354.171021 322.866425 -114.725288  0.057488  2.003630
29854 354.171021 322.866425 -114.725288  0.057488  2.003630
29864 354.171021 321.684937 -111.208206  0.055734  2.001876
29874 354.171021 320.894318 -107.057037  0.053662  1.999803
29884 354.171021 320.894318 -107.057037  0.053662  1.999803
29894 354.171021 316.662109 -110.277130  0.055289  2.001430
29904 354.171021 312.444244 -113.305519  0.056820  2.002961
29914 354.171021 312.444244 -113.305519  0.056820  2.002961
29924 354.171021 312.568420 -107.152100  0.053743  1.999884
29934 354.171021 312.568420 -107.152100  0.053743  1.999884
29944 354.171021 312.497192 -101.733574  0.051034  1.997175
29954 354.171021 311.093750 -99.365929  0.049855  1.995997
29964 354.171021 311.093750 -99.365929  0.049855  1.995997
29974 354.171021 309.247742 -98.037903  0.049199  1.995340
29984 354.171021 309.067993 -93.305069  0.046833  1.992975
29994 354.171021 309.067993 -93.305069  0.046833  1.992975
30004 354.171021 315.028748 -76.034424  0.038174  1.984316
30014 354.171021 315.028748 -76.034424  0.038174  1.984316
30024 354.171021 312.102448 -78.146652  0.039242  1.985384
30034 354.171021 308.851654 -80.824593  0.040594  1.986735
30044 354.171021 308.851654 -80.824593  0.040594  1.986735
30054 354.171021 305.103485 -84.401375  0.042397  1.988539
30064 354.171021 306.447327 -77.203667  0.038793  1.984935
30074 354.171021 306.447327 -77.203667  0.038793  1.984935
30084 354.171021 309.279327 -67.287865  0.033824  1.979965
30094 354.171021 309.279327 -67.287865  0.033824  1.979965
30104 354.171021 309.486023 -63.350227  0.031854  1.977996
30114 354.171021 312.059113 -54.697609  0.027517  1.973659
30124 354.171021 312.059113 -54.697609  0.027517  1.973659
30134 354.171021 314.087585 -47.634258  0.023978  1.970119
30144 354.171021 314.819733 -43.625618  0.021970  1.968112
30154 354.171021 314.819733 -43.625618  0.021970  1.968112
30164 354.171021 315.991180 -38.914680  0.019610  1.965752
30174 354.171021 315.991180 -38.914680  0.019610  1.965752
30184 354.171021 316.893127 -35.007027  0.017653  1.963795
30194 354.171021 321.091339 -24.444401  0.012355  1.958496
30204 354.171021 321.091339 -24.444401  0.012355  1.958496
30214 354.171021 325.183075 -14.656969  0.007445  1.953586
30224 354.171021 331.774933 -0.176834  0.000178  1.946320
30234 354.171021 331.774933 -0.176834  0.000178  1.946320
30244 354.171021 337.320282 11.373531 -0.005619  1.940523
30254 354.171021 337.320282 11.373531 -0.005619  1.940523
30264 354.171021 341.469360 19.422668 -0.009660  1.936481
30274 354.171021 343.118622 21.847513 -0.010879  1.935262
30284 354.171021 343.118622 21.847513 -0.010879  1.935262
30294 354.171021 348.663239 32.250168 -0.016103  1.930039
30304 354.171021 351.365112 36.198009 -0.018088  1.928054
30314 354.171021 351.365112 36.198009 -0.018088  1.928054
30324 354.171021 358.002563 48.124779 -0.024078  1.922064
30334 354.171021 358.002563 48.124779 -0.024078  1.922064
30344 354.171021 360.651031 51.132641 -0.025592  1.920550
30354 354.171021 363.188324 53.753681 -0.026913  1.919229
30364 354.171021 363.188324 53.753681 -0.026913  1.919229
30374 354.171021 365.918579 56.643204 -0.028368  1.917773
30384 354.171021 371.091156 64.465080 -0.032300  1.913842
30394 354.171021 371.091156 64.465080 -0.032300  1.913842
30404 354.171021 375.478760 70.240471 -0.035205  1.910936
30414 354.171021 375.478760 70.240471 -0.035205  1.910936
30424 354.171021 381.591095 79.299736 -0.039759  1.906382
30434 354.171021 385.805237 83.938194 -0.042095  1.904046
30444 354.171021 385.805237 83.938194 -0.042095  1.904046
30454 354.171021 389.741425 87.756630 -0.044020  1.902121
30464 354.171021 393.467377 90.944893 -0.045630  1.900512
30474 354.171021 393.467377 90.944893 -0.045630  1.900512
30484 354.171021 398.183136 96.025719 -0.048189  1.897953
30494 354.171021 398.183136 96.025719 -0.048189  1.897953
30504 354.171021 401.329620 97.573105 -0.048975  1.897167
30514 354.171021 395.217682 79.773636 -0.040051  1.906091
30524 354.171021 395.217682 79.773636 -0.040051  1.906091
30534 354.171021 397.489960 80.339905 -0.040343  1.905799
30544 354.171021 403.443939 88.535698 -0.044465  1.901677
30554 354.171021 403.443939 88.535698 -0.044465  1.901677
30564 354.171021 400.597198 77.994904 -0.039183  1.906959
30574 354.171021 400.597198 77.994904 -0.039183  1.906959
30584 354.171021 405.893311 84.941971 -0.042678  1.903464
30594 354.171021 406.606995 82.001259 -0.041210  1.904931
30604 354.171021 406.606995 82.001259 -0.041210  1.904931
30614 354.171021 406.481018 77.478203 -0.038948  1.907193
30624 354.171021 408.049225 76.718575 -0.038575  1.907567
30634 354.171021 408.049225 76.718575 -0.038575  1.907567
30644 354.171021 405.971069 68.409836 -0.034412  1.911730
30654 354.171021 405.971069 68.409836 -0.034412  1.911730
30664 354.171021 404.627777 62.060833 -0.031232  1.914909
30674 354.171021 400.086334 49.385811 -0.024877  1.921265
30684 354.171021 400.086334 49.385811 -0.024877  1.921265
30694 354.171021 397.483765 41.397587 -0.020872  1.925270
30704 354.171021 394.901764 33.867195 -0.017097  1.929045
30714 354.171021 394.901764 33.867195 -0.017097  1.929045
30724 354.171021 393.490387 29.167360 -0.014741  1.931401
30734 354.171021 393.490387 29.167360 -0.014741  1.931401
30744 354.171021 390.634338 21.708805 -0.011000  1.935141
30754 354.171021 388.139130 15.386869 -0.007829  1.938312
30764 354.171021 388.139130 15.386869 -0.007829  1.938312
30774 354.171021 383.333282  4.585780 -0.002410  1.943732
30784 354.171021 380.555878 -1.435774  0.000612  1.946754
30794 354.171021 380.555878 -1.435774  0.000612  1.946754
30804 354.171021 376.409790 -9.986515  0.004904  1.951046
30814 354.171021 376.409790 -9.986515  0.004904  1.951046
30824 354.171021 370.367523 -22.030802  0.010951  1.957092
30834 354.171021 369.538696 -22.601507  0.011239  1.957381
30844 354.171021 369.538696 -22.601507  0.011239  1.957381
30854 354.171021 365.153290 -30.545263  0.015229  1.961370
30864 354.171021 358.990295 -41.775898  0.020869  1.967010
30874 354.171021 358.990295 -41.775898  0.020869  1.967010
30884 354.171021 356.396027 -44.992630  0.022487  1.968629
30894 354.171021 356.396027 -44.992630  0.022487  1.968629
30904 354.171021 353.300385 -49.090118  0.024549  1.970690
30914 354.171021 350.403961 -52.558414  0.026294  1.972436
30924 354.171021 350.403961 -52.558414  0.026294  1.972436
30934 354.171021 350.258667 -50.123241  0.025077  1.971219
30944 354.171021 347.009766 -54.271835  0.027165  1.973306
30954 354.171021 347.009766 -54.271835  0.027165  1.973306
30964 354.171021 344.013947 -57.678814  0.028880  1.975022
30974 354.171021 344.013947 -57.678814  0.028880  1.975022
30984 354.171021 338.323029 -66.514023  0.033320  1.979462
30994 354.171021 333.470459 -73.145027  0.036655  1.982797
31004 354.171021 333.470459 -73.145027  0.036655  1.982797
31014 354.171021 328.971527 -78.692223  0.039447  1.985589
31024 354.171021 327.329193 -78.010361  0.039113  1.985254
31034 354.171021 327.329193 -78.010361  0.039113  1.985254
31044 354.171021 324.401947 -80.038589  0.040138  1.986280
31054 354.171021 324.401947 -80.038589  0.040138  1.986280
31064 354.171021 324.233368 -76.218689  0.038229  1.984371
31074 354.171021 319.806061 -81.452965  0.040864  1.987006
31084 354.171021 319.806061 -81.452965  0.040864  1.987006
31094 354.171021 318.184265 -80.575600  0.040432  1.986574
31104 354.171021 314.728973 -83.558441  0.041937  1.988079
31114 354.171021 314.728973 -83.558441  0.041937  1.988079
31124 354.171021 311.964874 -84.947243  0.042643  1.988784
31134 354.171021 311.964874 -84.947243  0.042643  1.988784
31144 354.171021 313.165222 -78.015465  0.039172  1.985314
31154 354.171021 313.616974 -73.004402  0.036665  1.982806
31164 354.171021 313.616974 -73.004402  0.036665  1.982806
31174 354.171021 315.212463 -65.873726  0.033093  1.979235
31184 354.171021 319.379517 -53.764656  0.027022  1.973163
31194 354.171021 319.379517 -53.764656  0.027022  1.973163
31204 354.171021 320.617462 -48.377686  0.024323  1.970465
31214 354.171021 320.617462 -48.377686  0.024323  1.970465
31224 354.171021 324.816650 -37.113777  0.018674  1.964816
31234 354.171021 330.402924 -23.557266  0.011874  1.958016
31244 354.171021 330.402924 -23.557266  0.011874  1.958016
31254 354.171021 334.434967 -13.942863  0.007051  1.953192
31264 354.171021 339.567322 -2.542705  0.001330  1.947472
31274 354.171021 339.567322 -2.542705  0.001330  1.947472
31284 354.171021 340.894257  0.351548 -0.000122  1.946019
31294 354.171021 340.894257  0.351548 -0.000122  1.946019
31304 354.171021 341.931549  2.494900 -0.001198  1.944943
31314 354.171021 347.914642 14.816109 -0.007383  1.938759
31324 354.171021 347.914642 14.816109 -0.007383  1.938759
31334 354.171021 353.015564 24.662888 -0.012327  1.933815
31344 354.171021 359.175171 36.197681 -0.018119  1.928023
31354 354.171021 359.175171 36.197681 -0.018119  1.928023
31364 354.171021 364.954590 46.340816 -0.023213  1.922928
31374 354.171021 364.954590 46.340816 -0.023213  1.922928
31384 354.171021 366.970123 48.126030 -0.024114  1.922028
31394 354.171021 370.767639 53.529366 -0.026831  1.919311
31404 354.171021 370.767639 53.529366 -0.026831  1.919311
31414 354.171021 377.900543 65.594620 -0.032892  1.913250
31424 354.171021 386.069641 79.185242 -0.039720  1.906422
31434 354.171021 386.069641 79.185242 -0.039720  1.906422
31444 354.171021 389.552673 82.314796 -0.041299  1.904843
31454 354.171021 389.552673 82.314796 -0.041299  1.904843
31464 354.171021 394.157776 87.615395 -0.043968  1.902174
31474 354.171021 399.601288 94.380760 -0.047372  1.898770
31484 354.171021 399.601288 94.380760 -0.047372  1.898770
31494 354.171021 406.224792 103.248177 -0.051832  1.894310
31504 354.171021 413.413269 112.825745 -0.056650  1.889492
31514 354.171021 413.413269 112.825745 -0.056650  1.889492
31524 354.171021 418.113831 116.730133 -0.058621  1.887521
31534 354.171021 418.113831 116.730133 -0.058621  1.887521
31544 354.171021 417.771332 109.940155 -0.055224  1.890917
31554 354.171021 417.972046 104.630585 -0.052570  1.893571
31564 354.171021 417.972046 104.630585 -0.052570  1.893571
31574 354.171021 418.017578 99.273422 -0.049892  1.896250
31584 354.171021 415.938080 89.775978 -0.045135  1.901007
31594 354.171021 415.938080 89.775978 -0.045135  1.901007
31604 354.171021 424.380859 102.662132 -0.051612  1.894530
31614 354.171021 424.380859 102.662132 -0.051612  1.894530
31624 354.171021 425.106720 98.817604 -0.049693  1.896449
31634 354.171021 422.651581 88.555618 -0.044552  1.901590
31644 354.171021 422.651581 88.555618 -0.044552  1.901590
31654 354.171021 421.859253 82.289612 -0.041416  1.904726
31664 354.171021 417.126190 68.152054 -0.034328  1.911814
31674 354.171021 417.126190 68.152054 -0.034328  1.911814
31684 354.171021 421.851929 74.432014 -0.037487  1.908655
31694 354.171021 421.851929 74.432014 -0.037487  1.908655
31704 354.171021 423.859680 74.734314 -0.037646  1.908496
31714 354.171021 424.679901 72.556015 -0.036560  1.909582
31724 354.171021 424.679901 72.556015 -0.036560  1.909582
31734 354.171021 421.126312 61.395061 -0.030965  1.915176
31744 354.171021 415.159912 45.793346 -0.023141  1.923001
31754 354.171021 415.159912 45.793346 -0.023141  1.923001
31764 354.171021 409.428680 31.490376 -0.015966  1.930175
31774 354.171021 409.428680 31.490376 -0.015966  1.930175
31784 354.171021 407.334656 25.493895 -0.012960  1.933182
31794 354.171021 401.635590 12.308058 -0.006344  1.939798
31804 354.171021 401.635590 12.308058 -0.006344  1.939798
31814 354.171021 395.533905 -1.028248  0.000349  1.946490
31824 354.171021 388.853821 -14.870916  0.007297  1.953438
31834 354.171021 388.853821 -14.870916  0.007297  1.953438
31844 354.171021 384.343719 -23.477509  0.011618  1.957760
31854 354.171021 384.343719 -23.477509  0.011618  1.957760
31864 354.171021 380.317352 -30.627979  0.015209  1.961351
31874 354.171021 374.094910 -41.976017  0.020908  1.967050
31884 354.171021 374.094910 -41.976017  0.020908  1.967050
31894 354.171021 365.382324 -57.912327  0.028911  1.975053
31904 354.171021 361.109314 -63.783787  0.031864  1.978006
31914 354.171021 361.109314 -63.783787  0.031864  1.978006
31924 354.171021 356.745819 -69.538986  0.034759  1.980901
31934 354.171021 356.745819 -69.538986  0.034759  1.980901
31944 354.171021 350.903046 -78.069191  0.039048  1.985189
31954 354.171021 346.801666 -82.536774  0.041298  1.987440
31964 354.171021 346.801666 -82.536774  0.041298  1.987440
31974 354.171021 343.165558 -85.803268  0.042946  1.989087
31984 354.171021 338.780060 -90.456314  0.045290  1.991431
31994 354.171021 338.780060 -90.456314  0.045290  1.991431
32004 354.171021 331.258728 -101.391922  0.050788  1.996929
32014 354.171021 331.258728 -101.391922  0.050788  1.996929
32024 354.171021 328.791077 -101.241333  0.050722  1.996864
32034 354.171021 323.593506 -106.774422  0.053510  1.999651
32044 354.171021 323.593506 -106.774422  0.053510  1.999651
32054 354.171021 322.327240 -103.838051  0.052046  1.998188
32064 354.171021 319.769348 -103.740562  0.052008  1.998150
32074 354.171021 319.769348 -103.740562  0.052008  1.998150
32084 354.171021 320.817078 -96.151978  0.048209  1.994351
32094 354.171021 320.817078 -96.151978  0.048209  1.994351
32104 354.171021 321.750641 -89.196678  0.044728  1.990870
32114 354.171021 319.778992 -88.646843  0.044461  1.990603
32124 354.171021 319.778992 -88.646843  0.044461  1.990603
32134 354.171021 319.885254 -83.814217  0.042044  1.988186
32144 354.171021 322.380310 -74.258461  0.037256  1.983398
32154 354.171021 322.380310 -74.258461  0.037257  1.983398
32164 354.171021 322.073303 -71.030144  0.035644  1.981785
32174 354.171021 322.073303 -71.030144  0.035644  1.981785
32184 354.171021 322.779022 -65.856033  0.033054  1.979195
32194 354.171021 327.134735 -53.356972  0.026787  1.972929
32204 354.171021 327.134735 -53.356972  0.026787  1.972929
32214 354.171021 331.973389 -40.506393  0.020342  1.966484
32224 354.171021 334.328461 -33.492855  0.016826  1.962968
32234 354.171021 334.328461 -33.492855  0.016826  1.962968
32244 354.171021 336.793945 -26.619400  0.013379  1.959521
32254 354.171021 336.793945 -26.619400  0.013379  1.959521
32264 354.171021 340.430664 -17.677618  0.008894  1.955036
32274 354.171021 346.879913 -3.342409  0.001701  1.947842
32284 354.171021 346.879913 -3.342409  0.001701  1.947842
32294 354.171021 352.759186  9.065740 -0.004527  1.941615
32304 354.171021 362.173523 28.185062 -0.014124  1.932017
32314 354.171021 362.173523 28.185062 -0.014124  1.932017
32324 354.171021 366.041870 34.771893 -0.017433  1.928708
32334 354.171021 366.041870 34.771893 -0.017433  1.928708
32344 354.171021 370.985901 43.256107 -0.021695  1.924447
32354 354.171021 375.332489 50.051579 -0.025110  1.921031
32364 354.171021 375.332489 50.051579 -0.025110  1.921031
32374 354.171021 380.372253 57.939133 -0.029074  1.917068
32384 354.171021 383.326813 61.078987 -0.030656  1.915486
32394 354.171021 383.326813 61.078987 -0.030656  1.915486
32404 354.171021 392.109894 76.178978 -0.038241  1.907901
32414 354.171021 392.109894 76.178978 -0.038241  1.907901
32424 354.171021 393.221466 74.532341 -0.037422  1.908719
32434 354.171021 391.738556 67.572647 -0.033936  1.912205
32444 354.171021 391.738556 67.572647 -0.033937  1.912205
32454 354.171021 398.926819 79.014748 -0.039686  1.906455
32464 354.171021 397.418793 71.770065 -0.036058  1.910084
32474 354.171021 397.418793 71.770065 -0.036058  1.910084
32484 354.171021 399.144409 71.628548 -0.035994  1.910148
32494 354.171021 399.144409 71.628548 -0.035994  1.910148
32504 354.171021 401.543854 72.891830 -0.036635  1.909506
32514 354.171021 402.103638 70.262146 -0.035323  1.910819
32524 354.171021 402.103638 70.262146 -0.035323  1.910819
32534 354.171021 406.722626 76.205299 -0.038313  1.907829
32544 354.171021 410.643829 80.379738 -0.040416  1.905726
32554 354.171021 410.643829 80.379738 -0.040416  1.905726
32564 354.171021 412.612762 80.274185 -0.040371  1.905771
32574 354.171021 412.612762 80.274185 -0.040371  1.905771
32584 354.171021 410.253906 71.170036 -0.035809  1.910332
32594 354.171021 415.278534 77.904099 -0.039196  1.906945
32604 354.171021 415.278534 77.904099 -0.039196  1.906945
32614 354.171021 415.224670 73.724022 -0.037106  1.909035
32624 354.171021 419.694916 79.179451 -0.039852  1.906290
32634 354.171021 419.694916 79.179451 -0.039852  1.906290
32644 354.171021 416.928192 69.296936 -0.034900  1.911242
32654 354.171021 416.928192 69.296936 -0.034900  1.911242
32664 354.171021 416.488159 64.772057 -0.032635  1.913506
32674 354.171021 415.523254 59.394577 -0.029943  1.916199
32684 354.171021 415.523254 59.394577 -0.029943  1.916199
32694 354.171021 412.464050 49.939602 -0.025203  1.920939
32704 354.171021 407.846039 37.734558 -0.019082  1.927060
32714 354.171021 407.846039 37.734558 -0.019082  1.927060
32724 354.171021 412.384979 45.216251 -0.022841  1.923301
32734 354.171021 412.384979 45.216251 -0.022841  1.923301
32744 354.171021 411.393585 40.806431 -0.020632  1.925510
32754 354.171021 404.792297 24.954441 -0.012680  1.933462
32764 354.171021 404.792297 24.954441 -0.012680  1.933462
32774 354.171021 401.452576 16.711645 -0.008545  1.937597
32784 354.171021 399.734131 12.266399 -0.006315  1.939826
32794 354.171021 399.734131 12.266399 -0.006315  1.939826
32804 354.171021 398.969666 10.037766 -0.005198  1.940944
32814 354.171021 398.969666 10.037766 -0.005198  1.940944
32824 354.171021 392.629364 -3.673502  0.001683  1.947825
32834 354.171021 387.558929 -14.026743  0.006880  1.953022
32844 354.171021 387.558929 -14.026743  0.006880  1.953022
32854 354.171021 382.587708 -23.636120  0.011704  1.957846
32864 354.171021 379.375763 -29.085495  0.014442  1.960584
32874 354.171021 379.375763 -29.085495  0.014442  1.960584
32884 354.171021 376.879303 -32.762630  0.016290  1.962432
32894 354.171021 376.879303 -32.762630  0.016290  1.962432
32904 354.171021 373.200928 -38.707523  0.019278  1.965419
32914 354.171021 372.080017 -39.021896  0.019439  1.965581
32924 354.171021 372.080017 -39.021896  0.019439  1.965581
32934 354.171021 366.393402 -48.820534  0.024361  1.970503
32944 354.171021 362.736176 -53.890923  0.026911  1.973053
32954 354.171021 362.736176 -53.890923  0.026911  1.973053
32964 354.171021 361.752197 -53.135422  0.026537  1.972679
32974 354.171021 361.752197 -53.135422  0.026537  1.972679
32984 354.171021 357.336273 -59.551525  0.029763  1.975905
32994 354.171021 351.998138 -67.550339  0.033784  1.979926
33004 354.171021 351.998138 -67.550339  0.033784  1.979926
33014 354.171021 351.082367 -65.932579  0.032979  1.979120
33024 354.171021 346.983002 -71.025597  0.035542  1.981683
33034 354.171021 346.983002 -71.025597  0.035542  1.981683
33044 354.171021 341.348175 -79.048973  0.039576  1.985718
33054 354.171021 341.348175 -79.048973  0.039576  1.985718
33064 354.171021 339.938782 -77.865288  0.038990  1.985131
33074 354.171021 336.053284 -81.891830  0.041018  1.987160
33084 354.171021 336.053284 -81.891830  0.041018  1.987160
33094 354.171021 331.476715 -87.148720  0.043665  1.989807
33104 354.171021 328.963745 -87.842438  0.044022  1.990164
33114 354.171021 328.963745 -87.842438  0.044022  1.990164
33124 354.171021 324.055450 -93.485558  0.046863  1.993005
33134 354.171021 324.055450 -93.485558  0.046863  1.993005
33144 354.171021 320.750183 -95.500122  0.047884  1.994026
33154 354.171021 318.896057 -94.383759  0.047333  1.993475
33164 354.171021 318.896057 -94.383759  0.047333  1.993475
33174 354.171021 318.670563 -89.930794  0.045107  1.991249
33184 354.171021 316.279755 -90.210609  0.045257  1.991399
33194 354.171021 316.279755 -90.210609  0.045257  1.991399
33204 354.171021 314.274841 -89.671158  0.044995  1.991137
33214 354.171021 314.274841 -89.671158  0.044995  1.991137
33224 354.171021 315.956207 -81.487717  0.040897  1.987039
33234 354.171021 315.608887 -77.952225  0.039130  1.985272
33244 354.171021 315.608887 -77.952225  0.039130  1.985272
33254 354.171021 317.143646 -70.688347  0.035492  1.981634
33264 354.171021 317.945862 -65.335258  0.032813  1.978954
33274 354.171021 317.945862 -65.335258  0.032813  1.978954
33284 354.171021 321.652618 -54.223270  0.027242  1.973384
33294 354.171021 321.652618 -54.223270  0.027242  1.973384
33304 354.171021 326.426544 -41.466755  0.020845  1.966986
33314 354.171021 327.920502 -36.202484  0.018206  1.964348
33324 354.171021 327.920502 -36.202484  0.018206  1.964348
33334 354.171021 331.430817 -27.020550  0.013601  1.959743
33344 354.171021 334.147034 -19.964113  0.010062  1.956204
33354 354.171021 334.147034 -19.964113  0.010062  1.956204
33364 354.171021 335.936707 -15.201906  0.007674  1.953816
33374 354.171021 335.936707 -15.201906  0.007674  1.953816
33384 354.171021 343.869568  2.096059 -0.001007  1.945135
33394 354.171021 349.604309 13.919992 -0.006942  1.939200
33404 354.171021 349.604309 13.919992 -0.006942  1.939200
33414 354.171021 352.572998 19.378124 -0.009683  1.936459
33424 354.171021 358.615723 30.947945 -0.015492  1.930650
33434 354.171021 358.615723 30.947945 -0.015492  1.930650
33444 354.171021 361.787689 35.938568 -0.018000  1.928142
33454 354.171021 361.787689 35.938568 -0.018000  1.928142
33464 354.171021 365.363342 41.509552 -0.020799  1.925342
33474 354.171021 367.467316 43.724655 -0.021915  1.924226
33484 354.171021 367.467316 43.724655 -0.021915  1.924226
33494 354.171021 373.285370 53.549313 -0.026851  1.919291
33504 354.171021 377.295288 59.101730 -0.029643  1.916499
33514 354.171021 377.295288 59.101730 -0.029643  1.916499
33524 354.171021 382.524994 66.907402 -0.033567  1.912575
33534 354.171021 382.524994 66.907402 -0.033567  1.912575
33544 354.171021 385.811371 70.263512 -0.035258  1.910884
33554 354.171021 386.822662 68.717506 -0.034489  1.911652
33564 354.171021 386.822662 68.717506 -0.034489  1.911652
33574 354.171021 387.557678 66.670219 -0.033469  1.912673
33584 354.171021 388.065826 64.254234 -0.032263  1.913879
33594 354.171021 388.065826 64.254234 -0.032263  1.913879
33604 354.171021 387.543579 59.821945 -0.030044  1.916097
33614 354.171021 387.543579 59.821945 -0.030044  1.916097
33624 354.171021 391.678131 65.300049 -0.032800  1.913342
33634 354.171021 391.859619 62.272762 -0.031287  1.914855
33644 354.171021 391.859619 62.272762 -0.031287  1.914855
33654 354.171021 391.634949 58.556152 -0.029428  1.916714
33664 354.171021 389.052429 50.136265 -0.025208  1.920934
33674 354.171021 389.052429 50.136265 -0.025208  1.920934
33684 354.171021 388.126434 45.598248 -0.022935  1.923207
33694 354.171021 388.126434 45.598248 -0.022935  1.923207
33704 354.171021 387.891022 42.735336 -0.021502  1.924639
33714 354.171021 384.476685 33.410614 -0.016826  1.929315
33724 354.171021 384.476685 33.410614 -0.016826  1.929315
33734 354.171021 381.806488 26.115557 -0.013168  1.932974
33744 354.171021 379.729004 20.433744 -0.010319  1.935823
33754 354.171021 379.729004 20.433744 -0.010319  1.935823
33764 354.171021 376.950836 13.590185 -0.006886  1.939256
33774 354.171021 376.950836 13.590185 -0.006886  1.939256
33784 354.171021 373.624908  5.966287 -0.003061  1.943081
33794 354.171021 367.598541 -6.876750  0.003385  1.949526
33804 354.171021 367.598541 -6.876750  0.003385  1.949526
33814 354.171021 359.579041 -23.199890  0.011578  1.957720
33824 354.171021 358.357819 -24.533194  0.012250  1.958392
33834 354.171021 358.357819 -24.533194  0.012250  1.958392
33844 354.171021 354.844269 -30.563839  0.015279  1.961421
33854 354.171021 354.844269 -30.563839  0.015279  1.961421
33864 354.171021 351.571991 -35.777496  0.017899  1.964041
33874 354.171021 347.926208 -41.497288  0.020774  1.966915
33884 354.171021 347.926208 -41.497288  0.020774  1.966915
33894 354.171021 344.036224 -47.428352  0.023755  1.969897
33904 354.171021 335.984161 -61.708176  0.030927  1.977069
33914 354.171021 335.984161 -61.708176  0.030927  1.977069
33924 354.171021 331.581024 -67.653198  0.033917  1.980059
33934 354.171021 331.581024 -67.653198  0.033917  1.980059
33944 354.171021 326.218872 -75.287186  0.037755  1.983897
33954 354.171021 322.727173 -78.634567  0.039443  1.985585
33964 354.171021 322.727173 -78.634567  0.039443  1.985585
33974 354.171021 318.699005 -82.921989  0.041603  1.987745
33984 354.171021 317.625366 -80.841164  0.040567  1.986709
33994 354.171021 317.625366 -80.841164  0.040567  1.986709
34004 354.171021 314.539459 -83.052948  0.041685  1.987827
34014 354.171021 314.539459 -83.052948  0.041685  1.987827
34024 354.171021 311.961334 -84.090088  0.042214  1.988356
34034 354.171021 306.112976 -91.877480  0.046131  1.992273
34044 354.171021 306.112976 -91.877480  0.046131  1.992273
34054 354.171021 303.166626 -93.222885  0.046816  1.992957
34064 354.171021 302.136688 -90.509781  0.045463  1.991605
34074 354.171021 302.136688 -90.509781  0.045463  1.991605
34084 354.171021 298.321503 -93.735229  0.047091  1.993233
34094 354.171021 298.321503 -93.735229  0.047091  1.993233
34104 354.171021 298.027496 -89.462143  0.044956  1.991098
34114 354.171021 295.641541 -89.756279  0.045112  1.991254
34124 354.171021 295.641541 -89.756279  0.045112  1.991254
34134 354.171021 293.102234 -90.351257  0.045420  1.991562
34144 354.171021 292.148010 -87.611565  0.044054  1.990196
34154 354.171021 292.148010 -87.611565  0.044054  1.990196
34164 354.171021 294.095734 -78.978928  0.039730  1.985872
34174 354.171021 294.095734 -78.978928  0.039730  1.985872
34184 354.171021 295.445557 -72.045868  0.036258  1.982400
34194 354.171021 294.442566 -70.376175  0.035427  1.981569
34204 354.171021 294.442566 -70.376175  0.035427  1.981569
34214 354.171021 296.464447 -62.498028  0.031480  1.977622
34224 354.171021 299.585022 -52.748482  0.026593  1.972735
34234 354.171021 299.585022 -52.748482  0.026593  1.972735
34244 354.171021 306.341217 -35.947670  0.018165  1.964307
34254 354.171021 306.341217 -35.947670  0.018165  1.964307
34264 354.171021 310.757751 -24.879688  0.012614  1.958755
34274 354.171021 314.223083 -16.372879  0.008346  1.954488
34284 354.171021 314.223083 -16.372879  0.008346  1.954488
34294 354.171021 317.232666 -9.254464  0.004775  1.950917
34304 354.171021 322.785400  2.784723 -0.001267  1.944875
34314 354.171021 322.785400  2.784723 -0.001267  1.944875
34324 354.171021 330.199493 18.062967 -0.008935  1.937206
34334 354.171021 330.199493 18.062967 -0.008935  1.937206
34344 354.171021 333.279816 23.533146 -0.011683  1.934459
34354 354.171021 340.496277 37.322601 -0.018606  1.927535
34364 354.171021 340.496277 37.322601 -0.018606  1.927535
34374 354.171021 346.530396 47.940933 -0.023940  1.922202
34384 354.171021 353.396118 59.739429 -0.029866  1.916275
34394 354.171021 353.396118 59.739429 -0.029866  1.916275
34404 354.171021 361.163757 72.794167 -0.036425  1.909717
34414 354.171021 361.163757 72.794167 -0.036425  1.909717
34424 354.171021 365.877136 78.821518 -0.039457  1.906684
34434 354.171021 373.718628 91.036957 -0.045596  1.900545
34444 354.171021 373.718628 91.036957 -0.045596  1.900545
34454 354.171021 382.162079 103.868782 -0.052046  1.894096
34464 354.171021 390.762329 116.357803 -0.058325  1.887817
34474 354.171021 390.762329 116.357803 -0.058325  1.887817
34484 354.171021 397.155670 123.598343 -0.061971  1.884171
34494 354.171021 397.155670 123.598343 -0.061971  1.884171
34504 354.171021 401.593903 126.392555 -0.063386  1.882756
34514 354.171021 407.725189 132.554459 -0.066491  1.879650
34524 354.171021 407.725189 132.554459 -0.066491  1.879650
34534 354.171021 411.670868 133.839691 -0.067150  1.878992
34544 354.171021 414.578583 132.903992 -0.066694  1.879448
34554 354.171021 414.578583 132.903992 -0.066694  1.879448
34564 354.171021 416.081818 129.107925 -0.064801  1.881340
34574 354.171021 416.081818 129.107925 -0.064802  1.881340
34584 354.171021 416.447052 123.141670 -0.061820  1.884322
34594 354.171021 417.362366 118.635071 -0.059570  1.886572
34604 354.171021 417.362366 118.635071 -0.059570  1.886572
34614 354.171021 415.537170 108.659897 -0.054575  1.891566
34624 354.171021 418.572571 109.317490 -0.054916  1.891225
34634 354.171021 418.572571 109.317490 -0.054916  1.891225
34644 354.171021 412.943542 91.914360 -0.046192  1.899950
34654 354.171021 412.943542 91.914360 -0.046192  1.899950
34664 354.171021 410.042816 81.099640 -0.040773  1.905368
34674 354.171021 403.451172 63.170605 -0.031782  1.914359
34684 354.171021 403.451172 63.170605 -0.031782  1.914359
34694 354.171021 396.363983 45.147675 -0.022743  1.923399
34704 354.171021 390.327545 30.246014 -0.015268  1.930874
34714 354.171021 390.327545 30.246014 -0.015268  1.930874
34724 354.171021 385.369171 18.363228 -0.009306  1.936835
34734 354.171021 385.369171 18.363228 -0.009306  1.936835
34744 354.171021 378.971130  4.099932 -0.002149  1.943993
34754 354.171021 371.793976 -11.047181  0.005453  1.951595
34764 354.171021 371.793976 -11.047181  0.005453  1.951595
34774 354.171021 364.916748 -24.781967  0.012348  1.958490
34784 354.171021 360.247589 -33.202446  0.016577  1.962719
34794 354.171021 360.247589 -33.202446  0.016577  1.962719
34804 354.171021 354.945160 -42.495522  0.021245  1.967386
34814 354.171021 354.945160 -42.495522  0.021245  1.967386
34824 354.171021 348.613251 -53.448418  0.026746  1.972888
34834 354.171021 344.692413 -58.813732  0.029445  1.975587
34844 354.171021 344.692413 -58.813732  0.029445  1.975587
34854 354.171021 339.479462 -66.586517  0.033352  1.979494
34864 354.171021 331.589417 -79.526505  0.039854  1.985995
34874 354.171021 331.589417 -79.526505  0.039854  1.985995
34884 354.171021 328.234283 -82.361641  0.041285  1.987426
34894 354.171021 328.234283 -82.361641  0.041285  1.987426
34904 354.171021 324.631317 -85.562851  0.042900  1.989041
34914 354.171021 324.513885 -81.347481  0.040792  1.986934
34924 354.171021 324.513885 -81.347481  0.040792  1.986934
34934 354.171021 324.172882 -77.819588  0.039030  1.985172
34944 354.171021 321.724396 -78.861450  0.039561  1.985702
34954 354.171021 321.724396 -78.861450  0.039561  1.985702
34964 354.171021 322.797272 -72.526253  0.036389  1.982530
34974 354.171021 322.797272 -72.526253  0.036389  1.982530
34984 354.171021 324.531006 -65.136627  0.032687  1.978829
34994 354.171021 322.479919 -66.001534  0.033128  1.979269
35004 354.171021 322.479919 -66.001534  0.033128  1.979269
35014 354.171021 317.034515 -73.882294  0.037090  1.983232
35024 354.171021 315.333008 -73.562279  0.036937  1.983078
35034 354.171021 315.333008 -73.562279  0.036937  1.983078
35044 354.171021 313.901001 -72.702950  0.036513  1.982654
35054 354.171021 313.901001 -72.702950  0.036513  1.982654
35064 354.171021 314.939941 -66.749680  0.033532  1.979674
35074 354.171021 314.725616 -63.716011  0.032016  1.978158
35084 354.171021 314.725616 -63.716011  0.032016  1.978158
35094 354.171021 314.688629 -60.467102  0.030392  1.976533
35104 354.171021 315.627869 -55.365509  0.027837  1.973979
35114 354.171021 315.627869 -55.365509  0.027837  1.973979
35124 354.171021 319.035065 -45.395393  0.022838  1.968980
35134 354.171021 319.035065 -45.395393  0.022838  1.968980
35144 354.171021 320.012085 -41.001839  0.020638  1.966779
35154 354.171021 323.676544 -31.242863  0.015744  1.961885
35164 354.171021 323.676544 -31.242863  0.015744  1.961885
35174 354.171021 326.518250 -23.696030  0.011959  1.958101
35184 354.171021 325.045135 -25.518566  0.012876  1.959018
35194 354.171021 325.045135 -25.518566  0.012876  1.959018
35204 354.171021 327.733704 -18.585831  0.009399  1.955541
35214 354.171021 327.733704 -18.585831  0.009399  1.955541
35224 354.171021 332.117889 -8.488617  0.004333  1.950474
35234 354.171021 335.187744 -1.653543  0.000903  1.947045
35244 354.171021 335.187744 -1.653543  0.000903  1.947045
35254 354.171021 336.398621  0.954113 -0.000406  1.945736
35264 354.171021 344.774872 18.335150 -0.009130  1.937012
35274 354.171021 344.774872 18.335150 -0.009130  1.937012
35284 354.171021 349.935791 28.122631 -0.014044  1.932098
35294 354.171021 349.935791 28.122631 -0.014044  1.932098
35304 354.171021 351.249451 29.395796 -0.014686  1.931456
35314 354.171021 354.832336 35.325241 -0.017665  1.928477
35324 354.171021 354.832336 35.325241 -0.017665  1.928477
35334 354.171021 362.119080 48.654068 -0.024359  1.921783
35344 354.171021 362.119080 48.654068 -0.024359  1.921783
35354 354.171021 372.479126 67.681694 -0.033914  1.912228
35364 354.171021 372.479126 67.681694 -0.033914  1.912228
35374 354.171021 381.663971 83.273193 -0.041746  1.904395
35384 354.171021 387.652405 91.403130 -0.045835  1.900306
35394 354.171021 387.652405 91.403130 -0.045835  1.900306
35404 354.171021 392.951111 97.671425 -0.048991  1.897151
35414 354.171021 392.951111 97.671425 -0.048991  1.897151
35424 354.171021 401.175934 109.697731 -0.055037  1.891105
35434 354.171021 408.136963 118.473427 -0.059452  1.886689
35444 354.171021 408.136963 118.473427 -0.059452  1.886689
35454 354.171021 411.816223 119.957268 -0.060209  1.885933
35464 354.171021 415.326263 121.009323 -0.060749  1.885393
35474 354.171021 415.326263 121.009323 -0.060749  1.885393
35484 354.171021 417.858917 119.970261 -0.060240  1.885902
35494 354.171021 417.858917 119.970261 -0.060240  1.885902
35504 354.171021 418.215302 114.455429 -0.057484  1.888658
35514 354.171021 414.073792 99.869095 -0.050174  1.895968
35524 354.171021 414.073792 99.869095 -0.050174  1.895968
35534 354.171021 415.449799 97.523621 -0.049007  1.897135
35544 354.171021 418.038422 97.826851 -0.049169  1.896973
35554 354.171021 418.038422 97.826851 -0.049169  1.896973
35564 354.171021 419.188873 95.125717 -0.047823  1.898319
35574 354.171021 419.188873 95.125717 -0.047823  1.898319
35584 354.171021 420.121979 92.118774 -0.046323  1.899819
35594 354.171021 415.472534 77.652252 -0.039071  1.907070
35604 354.171021 415.472534 77.652252 -0.039071  1.907070
35614 354.171021 409.828003 61.867401 -0.031156  1.914985
35624 354.171021 403.465149 45.408646 -0.022901  1.923240
35634 354.171021 403.465149 45.408646 -0.022902  1.923240
35644 354.171021 399.116333 33.998222 -0.017179  1.928963
35654 354.171021 399.116333 33.998222 -0.017179  1.928963
35664 354.171021 393.996033 21.581850 -0.010950  1.935192
35674 354.171021 390.021973 12.195131 -0.006241  1.939901
35684 354.171021 390.021973 12.195131 -0.006241  1.939901
35694 354.171021 383.235260 -2.553316  0.001160  1.947302
35704 354.171021 377.482635 -14.378462  0.007096  1.953238
35714 354.171021 377.482635 -14.378462  0.007096  1.953238
35724 354.171021 369.075836 -31.112673  0.015497  1.961638
35734 354.171021 369.075836 -31.112673  0.015497  1.961638
35744 354.171021 362.148804 -43.896633  0.021916  1.968058
35754 354.171021 353.538940 -59.517296  0.029761  1.975903
35764 354.171021 353.538940 -59.517296  0.029761  1.975903
35774 354.171021 346.756470 -70.524658  0.035292  1.981434
35784 354.171021 345.608643 -69.235855  0.034652  1.980794
35794 354.171021 345.608643 -69.235855  0.034652  1.980794
35804 354.171021 342.471283 -72.155640  0.036125  1.982266
35814 354.171021 342.471283 -72.155640  0.036125  1.982266
35824 354.171021 334.756348 -84.446564  0.042301  1.988443
35834 354.171021 330.696198 -88.497726  0.044343  1.990484
35844 354.171021 330.696198 -88.497726  0.044343  1.990484
35854 354.171021 325.691162 -94.304955  0.047266  1.993408
35864 354.171021 322.799469 -95.411011  0.047831  1.993973
35874 354.171021 322.799469 -95.411011  0.047831  1.993973
35884 354.171021 321.750366 -92.626907  0.046443  1.992585
35894 354.171021 321.750366 -92.626907  0.046443  1.992585
35904 354.171021 320.673920 -90.042000  0.045155  1.991297
35914 354.171021 318.196289 -90.507019  0.045397  1.991539
35924 354.171021 318.196289 -90.507019  0.045398  1.991539
35934 354.171021 315.253815 -91.912491  0.046112  1.992254
35944 354.171021 313.666443 -90.425934  0.045375  1.991517
35954 354.171021 313.666443 -90.425934  0.045375  1.991517
35964 354.171021 312.817932 -87.477966  0.043905  1.990046
35974 354.171021 312.817932 -87.477966  0.043905  1.990046
35984 354.171021 310.576385 -87.578415  0.043964  1.990105
35994 354.171021 306.458160 -91.574532  0.045978  1.992120
36004 354.171021 306.458160 -91.574532  0.045978  1.992120
36014 354.171021 305.715759 -88.335938  0.044362  1.990504
36024 354.171021 306.680481 -81.719215  0.041050  1.987191
36034 354.171021 306.680481 -81.719215  0.041050  1.987191
36044 354.171021 308.406586 -73.862663  0.037115  1.983256
36054 354.171021 308.406586 -73.862663  0.037115  1.983256
36064 354.171021 310.745209 -65.142853  0.032745  1.978887
36074 354.171021 314.654694 -53.613506  0.026965  1.973107
36084 354.171021 314.654694 -53.613506  0.026965  1.973107
36094 354.171021 318.338013 -43.158409  0.021723  1.967864
36104 354.171021 320.089905 -37.266163  0.018770  1.964911
36114 354.171021 320.089905 -37.266163  0.018770  1.964911
36124 354.171021 325.943695 -23.145908  0.011686  1.957828
36134 354.171021 325.943695 -23.145908  0.011686  1.957828
36144 354.171021 333.974518 -5.232059  0.002697  1.948839
36154 354.171021 341.404572 10.501948 -0.005200  1.940942
36164 354.171021 341.404572 10.501948 -0.005200  1.940942
36174 354.171021 344.797272 17.013996 -0.008469  1.937672
36184 354.171021 350.601837 28.203238 -0.014087  1.932055
36194 354.171021 350.601837 28.203238 -0.014087  1.932055
36204 354.171021 354.260162 34.343605 -0.017172  1.928970
36214 354.171021 354.260162 34.343605 -0.017172  1.928970
36224 354.171021 361.054657 46.693275 -0.023374  1.922768
36234 354.171021 367.001587 56.635437 -0.028369  1.917773
36244 354.171021 367.001587 56.635437 -0.028369  1.917773
36254 354.171021 374.278351 68.826790 -0.034494  1.911648
36264 354.171021 380.290680 77.757126 -0.038983  1.907159
36274 354.171021 380.290680 77.757126 -0.038983  1.907159
36284 354.171021 383.919739 81.262527 -0.040750  1.905392
36294 354.171021 383.919739 81.262527 -0.040750  1.905392
36304 354.171021 385.489868 80.306503 -0.040278  1.905863
36314 354.171021 390.961945 87.514648 -0.043904  1.902237
36324 354.171021 390.961945 87.514648 -0.043904  1.902237
36334 354.171021 394.511749 90.349236 -0.045336  1.900806
36344 354.171021 402.296967 101.844437 -0.051115  1.895027
36354 354.171021 402.296967 101.844437 -0.051115  1.895027
36364 354.171021 408.068970 108.556084 -0.054494  1.891648
36374 354.171021 408.068970 108.556084 -0.054494  1.891648
36384 354.171021 410.599335 108.171921 -0.054312  1.891830
36394 354.171021 412.937836 107.413979 -0.053942  1.892200
36404 354.171021 412.937836 107.413979 -0.053942  1.892200
36414 354.171021 406.013916 87.420502 -0.043918  1.902224
36424 354.171021 406.781250 84.469406 -0.042445  1.903697
36434 354.171021 406.781250 84.469406 -0.042445  1.903697
36444 354.171021 409.060303 84.813416 -0.042626  1.903515
36454 354.171021 409.060303 84.813416 -0.042626  1.903515
36464 354.171021 408.733368 79.711197 -0.040074  1.906068
36474 354.171021 409.313110 76.760048 -0.038601  1.907541
36484 354.171021 409.313110 76.760048 -0.038601  1.907541
36494 354.171021 415.685486 86.008675 -0.043250  1.902891
36504 354.171021 418.057556 86.459854 -0.043485  1.902656
36514 354.171021 418.057556 86.459854 -0.043485  1.902656
36524 354.171021 415.964630 77.599823 -0.039047  1.907095
36534 354.171021 415.964630 77.599823 -0.039047  1.907095
36544 354.171021 412.228241 65.779800 -0.033122  1.913020
36554 354.171021 408.182770 53.935760 -0.027184  1.918958
36564 354.171021 408.182770 53.935760 -0.027184  1.918958
36574 354.171021 406.776642 48.202160 -0.024312  1.921830
36584 354.171021 402.492706 36.784359 -0.018585  1.927556
36594 354.171021 402.492706 36.784359 -0.018585  1.927556
36604 354.171021 398.910217 27.414215 -0.013886  1.932256
36614 354.171021 398.910217 27.414215 -0.013886  1.932256
36624 354.171021 399.302673 26.804733 -0.013583  1.932559
36634 354.171021 400.378174 27.649414 -0.014010  1.932132
36644 354.171021 400.378174 27.649414 -0.014010  1.932132
36654 354.171021 401.351105 28.231161 -0.014304  1.931837
36664 354.171021 397.997314 19.790682 -0.010071  1.936071
36674 354.171021 397.997314 19.790682 -0.010071  1.936071
36684 354.171021 393.095276  8.567338 -0.004439  1.941702
36694 354.171021 393.095276  8.567338 -0.004439  1.941702
36704 354.171021 389.601257  0.856553 -0.000570  1.945572
36714 354.171021 385.224762 -8.290367  0.004021  1.950163
36724 354.171021 385.224762 -8.290367  0.004021  1.950163
36734 354.171021 382.158234 -14.239712  0.007008  1.953150
36744 354.171021 377.784546 -22.603653  0.011207  1.957349
36754 354.171021 377.784546 -22.603653  0.011207  1.957349
36764 354.171021 372.709167 -31.991055  0.015921  1.962063
36774 354.171021 372.709167 -31.991055  0.015921  1.962063
36784 354.171021 368.256531 -39.585579  0.019736  1.965878
36794 354.171021 365.134308 -44.012173  0.021962  1.968104
36804 354.171021 365.134308 -44.012173  0.021962  1.968104
36814 354.171021 360.793610 -50.742931  0.025345  1.971487
36824 354.171021 356.735657 -56.533993  0.028257  1.974398
36834 354.171021 356.735657 -56.533993  0.028257  1.974398
36844 354.171021 350.903900 -65.721039  0.032874  1.979015
36854 354.171021 350.903900 -65.721039  0.032874  1.979015
36864 354.171021 347.679596 -69.007401  0.034530  1.980671
36874 354.171021 346.131134 -68.635757  0.034350  1.980492
36884 354.171021 346.131134 -68.635757  0.034350  1.980492
36894 354.171021 343.266479 -71.027023  0.035557  1.981699
36904 354.171021 339.428284 -75.321846  0.037720  1.983862
36914 354.171021 339.428284 -75.321846  0.037720  1.983862
36924 354.171021 335.459137 -79.666817  0.039908  1.986050
36934 354.171021 335.459137 -79.666817  0.039908  1.986050
36944 354.171021 332.208313 -82.287262  0.041232  1.987373
36954 354.171021 332.261353 -77.893593  0.039034  1.985176
36964 354.171021 332.261353 -77.893593  0.039034  1.985176
36974 354.171021 327.785400 -83.149155  0.041680  1.987822
36984 354.171021 324.451019 -85.752632  0.042995  1.989137
36994 354.171021 324.451019 -85.752632  0.042995  1.989137
37004 354.171021 321.130859 -88.191345  0.044228  1.990370
37014 354.171021 321.130859 -88.191345  0.044228  1.990370
37024 354.171021 317.554260 -91.038376  0.045666  1.991807
37034 354.171021 315.771179 -90.006737  0.045157  1.991299
37044 354.171021 315.771179 -90.006737  0.045157  1.991299
37054 354.171021 311.692993 -93.810242  0.047075  1.993217
37064 354.171021 303.668152 -105.628654  0.053016  1.999158
37074 354.171021 303.668152 -105.628654  0.053016  1.999158
37084 354.171021 302.752655 -102.036720  0.051224  1.997366
37094 354.171021 302.752655 -102.036720  0.051224  1.997366
37104 354.171021 303.780518 -94.591774  0.047498  1.993639
37114 354.171021 301.244385 -94.938225  0.047681  1.993823
37124 354.171021 301.244385 -94.938225  0.047681  1.993823
37134 354.171021 301.636078 -89.169266  0.044795  1.990937
37144 354.171021 301.434235 -84.937225  0.042680  1.988821
37154 354.171021 301.434235 -84.937225  0.042680  1.988822
37164 354.171021 302.280579 -78.746033  0.039581  1.985722
37174 354.171021 302.280579 -78.746033  0.039581  1.985722
37184 354.171021 301.136658 -77.019257  0.038722  1.984864
37194 354.171021 302.958069 -69.217163  0.034814  1.980955
37204 354.171021 302.958069 -69.217163  0.034814  1.980955
37214 354.171021 304.770355 -61.841389  0.031118  1.977260
37224 354.171021 304.060211 -60.103771  0.030253  1.976394
37234 354.171021 304.060211 -60.103771  0.030253  1.976394
37244 354.171021 303.102478 -58.973656  0.029691  1.975833
37254 354.171021 303.102478 -58.973656  0.029691  1.975833
37264 354.171021 305.019897 -51.922981  0.026158  1.972300
37274 354.171021 306.809021 -45.508385  0.022944  1.969086
37284 354.171021 306.809021 -45.508385  0.022944  1.969086
37294 354.171021 307.095093 -42.552780  0.021465  1.967607
37304 354.171021 305.384338 -43.906235  0.022148  1.968290
37314 354.171021 305.384338 -43.906235  0.022148  1.968290
37324 354.171021 309.200104 -33.688141  0.017024  1.963166
37334 354.171021 309.200104 -33.688141  0.017024  1.963166
37344 354.171021 306.168457 -38.245876  0.019315  1.965457
37354 354.171021 305.303070 -38.057362  0.019224  1.965366
37364 354.171021 305.303070 -38.057362  0.019224  1.965366
37374 354.171021 304.933105 -36.845848  0.018620  1.964762
37384 354.171021 302.141998 -40.731247  0.020574  1.966716
37394 354.171021 302.141998 -40.731247  0.020574  1.966716
37404 354.171021 301.736938 -39.451241  0.019936  1.966077
37414 354.171021 301.736938 -39.451241  0.019936  1.966077
37424 354.171021 301.727600 -37.414307  0.018917  1.965059
37434 354.171021 303.423065 -31.933304  0.016170  1.962312
37444 354.171021 303.423065 -31.933304  0.016170  1.962312
37454 354.171021 297.967316 -41.617619  0.021034  1.967176
37464 354.171021 299.506470 -36.249008  0.018343  1.964485
37474 354.171021 299.506470 -36.249008  0.018343  1.964485
37484 354.171021 301.825989 -29.540550  0.014980  1.961122
37494 354.171021 301.825989 -29.540550  0.014980  1.961122
37504 354.171021 300.791046 -30.156448  0.015292  1.961434
37514 354.171021 295.818298 -38.932137  0.019700  1.965842
37524 354.171021 295.818298 -38.932137  0.019700  1.965842
37534 354.171021 294.881836 -38.854477  0.019665  1.965806
37544 354.171021 297.565186 -31.242565  0.015848  1.961990
37554 354.171021 297.565186 -31.242565  0.015848  1.961990
37564 354.171021 294.271545 -36.461372  0.018471  1.964612
37574 354.171021 294.271545 -36.461372  0.018471  1.964612
37584 354.171021 296.580963 -29.757061  0.015109  1.961251
37594 354.171021 295.021057 -31.455002  0.015964  1.962106
37604 354.171021 295.021057 -31.455002  0.015964  1.962106
37614 354.171021 293.894257 -32.162685  0.016323  1.962464
37624 354.171021 292.492065 -33.405159  0.016950  1.963091
37634 354.171021 292.492065 -33.405159  0.016950  1.963091
37644 354.171021 291.436981 -33.861706  0.017182  1.963324
37654 354.171021 291.436981 -33.861706  0.017182  1.963324
37664 354.171021 291.235687 -32.516380  0.016510  1.962652
37674 354.171021 291.962921 -29.312439  0.014905  1.961047
37684 354.171021 291.962921 -29.312439  0.014905  1.961047
37694 354.171021 292.533356 -26.601097  0.013547  1.959689
37704 354.171021 293.264801 -23.692629  0.012090  1.958232
37714 354.171021 293.264801 -23.692629  0.012090  1.958232
37724 354.171021 294.659149 -19.556086  0.010016  1.956158
37734 354.171021 294.659149 -19.556086  0.010016  1.956158
37744 354.171021 295.165680 -17.482277  0.008977  1.955119
37754 354.171021 297.542358 -11.618238  0.006036  1.952178
37764 354.171021 297.542358 -11.618238  0.006036  1.952178
37774 354.171021 297.091309 -11.937168  0.006197  1.952339
37784 354.171021 296.480072 -12.573935  0.006518  1.952660
37794 354.171021 296.480072 -12.573935  0.006518  1.952660
37804 354.171021 294.442596 -16.146873  0.008313  1.954454
37814 354.171021 294.442596 -16.146873  0.008313  1.954454
37824 354.171021 295.278534 -13.559626  0.007016  1.953157
37834 354.171021 297.960175 -7.271859  0.003861  1.950003
37844 354.171021 297.960175 -7.271859  0.003861  1.950003
37854 354.171021 300.616516 -1.366938  0.000898  1.947040
37864 354.171021 301.029388 -0.428832  0.000427  1.946569
37874 354.171021 301.029388 -0.428832  0.000427  1.946569
37884 354.171021 298.896484 -4.837889  0.002640  1.948782
37894 354.171021 298.896484 -4.837889  0.002640  1.948782
37904 354.171021 302.737915  3.411209 -0.001500  1.944642
37914 354.171021 306.589447 11.250284 -0.005434  1.940707
37924 354.171021 306.589447 11.250284 -0.005434  1.940707
37934 354.171021 306.738312 10.974997 -0.005297  1.940844
37944 354.171021 311.163971 19.613083 -0.009634  1.936508
37954 354.171021 311.163971 19.613083 -0.009634  1.936508
37964 354.171021 311.980682 20.292746 -0.009977  1.936164
37974 354.171021 311.980682 20.292746 -0.009977  1.936164
37984 354.171021 317.434875 30.589231 -0.015147  1.930994
37994 354.171021 323.240326 41.082954 -0.020417  1.925724
38004 354.171021 323.240326 41.082954 -0.020417  1.925724
38014 354.171021 329.037476 51.014523 -0.025406  1.920735
38024 354.171021 333.707062 58.082272 -0.028959  1.917183
38034 354.171021 333.707062 58.082272 -0.028959  1.917183
38044 354.171021 338.385162 64.795143 -0.032334  1.913808
38054 354.171021 338.385162 64.795143 -0.032334  1.913808
38064 354.171021 342.192963 69.346649 -0.034625  1.911517
38074 354.171021 345.899536 73.450302 -0.036692  1.909450
38084 354.171021 345.899536 73.450302 -0.036692  1.909450
38094 354.171021 350.349365 78.886497 -0.039428  1.906714
38104 354.171021 349.666199 73.360825 -0.036662  1.909480
38114 354.171021 349.666199 73.360825 -0.036662  1.909480
38124 354.171021 355.381592 81.435593 -0.040722  1.905419
38134 354.171021 355.381592 81.435593 -0.040722  1.905419
38144 354.171021 358.769196 84.252251 -0.042144  1.903997
38154 354.171021 361.832825 86.244789 -0.043153  1.902989
38164 354.171021 361.832825 86.244789 -0.043153  1.902989
38174 354.171021 363.223236 84.649368 -0.042361  1.903781
38184 354.171021 365.935364 85.887451 -0.042991  1.903151
38194 354.171021 365.935364 85.887451 -0.042991  1.903151
38204 354.171021 369.604614 89.050697 -0.044587  1.901555
38214 354.171021 369.604614 89.050697 -0.044587  1.901555
38224 354.171021 369.993591 85.228821 -0.042677  1.903464
38234 354.171021 369.627319 80.034592 -0.040079  1.906063
38244 354.171021 369.627319 80.034592 -0.040079  1.906063
38254 354.171021 368.129883 72.755768 -0.036434  1.909708
38264 354.171021 370.079956 73.032181 -0.036580  1.909562
38274 354.171021 370.079956 73.032181 -0.036580  1.909562
38284 354.171021 369.190125 67.386414 -0.033753  1.912389
38294 354.171021 369.190125 67.386414 -0.033753  1.912389
38304 354.171021 372.432404 70.633911 -0.035390  1.910752
38314 354.171021 374.502899 71.271736 -0.035717  1.910425
38324 354.171021 374.502899 71.271736 -0.035717  1.910425
38334 354.171021 374.851379 68.294991 -0.034230  1.911912
38344 354.171021 375.349243 65.783890 -0.032977  1.913165
38354 354.171021 375.349243 65.783890 -0.032977  1.913165
38364 354.171021 374.523926 60.645363 -0.030404  1.915738
38374 354.171021 374.523926 60.645363 -0.030404  1.915738
38384 354.171021 373.004395 54.334187 -0.027242  1.918899
38394 354.171021 373.531677 52.609947 -0.026382  1.919759
38404 354.171021 373.531677 52.609947 -0.026382  1.919759
38414 354.171021 372.729492 48.203804 -0.024176  1.921966
38424 354.171021 372.953308 46.164124 -0.023157  1.922985
38434 354.171021 372.953308 46.164124 -0.023157  1.922985
38444 354.171021 372.226807 42.252522 -0.021198  1.924943
38454 354.171021 372.226807 42.252522 -0.021198  1.924943
38464 354.171021 373.345673 42.384418 -0.021269  1.924873
38474 354.171021 373.291260 40.068424 -0.020111  1.926031
38484 354.171021 373.291260 40.068424 -0.020111  1.926031
38494 354.171021 375.208008 41.973637 -0.021071  1.925071
38504 354.171021 377.739746 45.060860 -0.022625  1.923517
38514 354.171021 377.739746 45.060860 -0.022625  1.923517
38524 354.171021 375.582642 38.233166 -0.019202  1.926940
38534 354.171021 375.582642 38.233166 -0.019202  1.926940
38544 354.171021 375.058594 35.156166 -0.017662  1.928480
38554 354.171021 374.056824 31.245075 -0.015702  1.930440
38564 354.171021 374.056824 31.245075 -0.015702  1.930440
38574 354.171021 374.687439 30.935015 -0.015549  1.930592
38584 354.171021 375.961700 31.981995 -0.016078  1.930064
38594 354.171021 375.961700 31.981995 -0.016078  1.930064
38604 354.171021 376.007965 30.420277 -0.015297  1.930844
38614 354.171021 376.007965 30.420277 -0.015297  1.930844
38624 354.171021 376.002625 28.834896 -0.014505  1.931637
38634 354.171021 375.105988 25.475594 -0.012821  1.933320
38644 354.171021 375.105988 25.475594 -0.012821  1.933320
38654 354.171021 374.693298 23.296509 -0.011730  1.934411
38664 354.171021 376.089081 24.990240 -0.012583  1.933559
38674 354.171021 376.089081 24.990240 -0.012583  1.933559
38684 354.171021 376.548950 24.650921 -0.012415  1.933727
38694 354.171021 376.548950 24.650921 -0.012415  1.933727
38704 354.171021 374.298889 18.693624 -0.009427  1.936714
38714 354.171021 374.571930 18.291956 -0.009228  1.936914
38724 354.171021 374.571930 18.291956 -0.009228  1.936914
38734 354.171021 376.762817 21.899097 -0.011040  1.935102
38744 354.171021 376.131195 19.448763 -0.009812  1.936330
38754 354.171021 376.131195 19.448763 -0.009812  1.936330
38764 354.171021 374.773438 15.616507 -0.007891  1.938251
38774 354.171021 374.773438 15.616507 -0.007891  1.938251
38784 354.171021 375.717163 16.767834 -0.008470  1.937672
38794 354.171021 375.717163 16.767834 -0.008470  1.937672
38804 354.171021 376.707642 17.959246 -0.009070  1.937072
38814 354.171021 376.707642 17.959246 -0.009070  1.937072
38824 354.171021 375.413513 14.335993 -0.007253  1.938889
38834 354.171021 374.404541 11.491747 -0.005827  1.940315
38844 354.171021 374.404541 11.491747 -0.005827  1.940315
38854 354.171021 374.785034 11.688957 -0.005927  1.940215
38864 354.171021 372.498108  6.326663 -0.003237  1.942905
38874 354.171021 372.498108  6.326663 -0.003237  1.942905
38884 354.171021 373.892426  8.902428 -0.004530  1.941612
38894 354.171021 373.892426  8.902428 -0.004530  1.941612
38904 354.171021 374.624847  9.967610 -0.005066  1.941076
38914 354.171021 376.570160 13.503103 -0.006841  1.939301
38924 354.171021 376.570160 13.503103 -0.006841  1.939301
38934 354.171021 376.301239 12.247229 -0.006212  1.939930
38944 354.171021 377.230560 13.548783 -0.006867  1.939275
38954 354.171021 377.230560 13.548783 -0.006867  1.939275
38964 354.171021 378.773590 16.057858 -0.008127  1.938014
38974 354.171021 378.773590 16.057858 -0.008127  1.938014
38984 354.171021 379.356232 16.434496 -0.008318  1.937824
38994 354.171021 380.928955 18.857296 -0.009536  1.936606
39004 354.171021 380.928955 18.857296 -0.009536  1.936606
39014 354.171021 380.653137 17.307455 -0.008760  1.937382
39024 354.171021 378.694092 12.331343 -0.006264  1.939878
39034 354.171021 378.694092 12.331343 -0.006264  1.939878
39044 354.171021 379.791840 13.975313 -0.007090  1.939052
39054 354.171021 379.791840 13.975313 -0.007090  1.939052
39064 354.171021 377.197357  7.854700 -0.004019  1.942122
39074 354.171021 378.649109 10.466690 -0.005331  1.940810
39084 354.171021 378.649109 10.466690 -0.005331  1.940810
39094 354.171021 381.424225 15.696587 -0.007957  1.938184
39104 354.171021 381.217285 14.453766 -0.007335  1.938807
39114 354.171021 381.217285 14.453766 -0.007335  1.938807
39124 354.171021 377.896973  6.796814 -0.003493  1.942648
39134 354.171021 377.896973  6.796814 -0.003493  1.942648
39144 354.171021 379.946411 10.707999 -0.005457  1.940685
39154 354.171021 380.913086 12.163286 -0.006189  1.939953
39164 354.171021 380.913086 12.163286 -0.006189  1.939953
39174 354.171021 380.477844 10.626581 -0.005418  1.940723
39184 354.171021 381.829163 12.887062 -0.006554  1.939588
39194 354.171021 381.829163 12.887062 -0.006554  1.939588
39204 354.171021 379.402588  7.169945 -0.003686  1.942456
39214 354.171021 379.402588  7.169945 -0.003686  1.942456
39224 354.171021 378.709961  5.360138 -0.002778  1.943364
39234 354.171021 377.318787  2.188910 -0.001187  1.944955
39244 354.171021 377.318787  2.188910 -0.001187  1.944955
39254 354.171021 373.128998 -6.639244  0.003244  1.949386
39264 354.171021 374.542938 -3.350692  0.001594  1.947736
39274 354.171021 374.542938 -3.350692  0.001594  1.947736
39284 354.171021 375.034088 -2.150848  0.000992  1.947134
39294 354.171021 375.034088 -2.150848  0.000992  1.947134
39304 354.171021 375.402344 -1.264836  0.000548  1.946689
39314 354.171021 375.364105 -1.275563  0.000553  1.946695
39324 354.171021 375.364105 -1.275563  0.000553  1.946695
39334 354.171021 374.478363 -3.047811  0.001443  1.947584
39344 354.171021 374.402283 -3.044257  0.001441  1.947583
39354 354.171021 374.402283 -3.044257  0.001441  1.947583
39364 354.171021 373.774719 -4.187168  0.002015  1.948157
39374 354.171021 373.774719 -4.187168  0.002015  1.948157
39384 354.171021 376.156158  0.987821 -0.000582  1.945560
39394 354.171021 375.102386 -1.255820  0.000544  1.946686
39404 354.171021 375.102386 -1.255820  0.000544  1.946686
39414 354.171021 373.474121 -4.575321  0.002210  1.948352
39424 354.171021 373.948547 -3.349938  0.001596  1.947738
39434 354.171021 373.948547 -3.349938  0.001596  1.947738
39444 354.171021 372.015198 -7.197525  0.003527  1.949669
39454 354.171021 372.015198 -7.197525  0.003527  1.949669
39464 354.171021 373.420959 -3.893178  0.001870  1.948011
39474 354.171021 374.186615 -2.095131  0.000968  1.947109
39484 354.171021 374.186615 -2.095131  0.000968  1.947109
39494 354.171021 375.046570 -0.194870  0.000014  1.946156
39504 354.171021 374.557526 -1.199369  0.000518  1.946660
39514 354.171021 374.557526 -1.199369  0.000518  1.946660
39524 354.171021 372.765564 -4.860787  0.002356  1.948498
39534 354.171021 372.765564 -4.860787  0.002356  1.948498
39544 354.171021 371.425049 -7.393619  0.003628  1.949769
39554 354.171021 369.303650 -11.420073  0.005650  1.951791
39564 354.171021 369.303650 -11.420073  0.005650  1.951791
39574 354.171021 369.727203 -9.943874  0.004910  1.951051
39584 354.171021 369.484619 -9.930793  0.004904  1.951046
39594 354.171021 369.484619 -9.930793  0.004904  1.951046
39604 354.171021 372.428040 -3.285395  0.001570  1.947711
39614 354.171021 372.428040 -3.285395  0.001570  1.947711
39624 354.171021 377.743103  7.944604 -0.004067  1.942075
39634 354.171021 379.439148 11.060429 -0.005631  1.940511
39644 354.171021 379.439148 11.060429 -0.005631  1.940511
39654 354.171021 376.733734  4.860655 -0.002521  1.943621
39664 354.171021 374.979767  0.964668 -0.000566  1.945576
39674 354.171021 374.979767  0.964668 -0.000566  1.945576
39684 354.171021 377.072540  5.273396 -0.002728  1.943413
39694 354.171021 377.072540  5.273396 -0.002728  1.943413
39704 354.171021 370.401886 -8.879147  0.004375  1.950516
39714 354.171021 371.964355 -5.164595  0.002511  1.948653
39724 354.171021 371.964355 -5.164595  0.002511  1.948653
39734 354.171021 375.115417  1.660230 -0.000914  1.945228
39744 354.171021 372.644531 -3.567580  0.001710  1.947852
39754 354.171021 372.644531 -3.567580  0.001710  1.947852
39764 354.171021 375.083405  1.694056 -0.000931  1.945211
39774 354.171021 375.083405  1.694056 -0.000931  1.945211
39784 354.171021 378.047424  7.775667 -0.003983  1.942158
39794 354.171021 377.974304  7.225932 -0.003708  1.942434
39804 354.171021 377.974304  7.225932 -0.003708  1.942434
39814 354.171021 377.340637  5.538381 -0.002862  1.943280
39824 354.171021 377.150360  4.861772 -0.002523  1.943619
39834 354.171021 377.150360  4.861772 -0.002523  1.943619
39844 354.171021 378.441132  7.302569 -0.003748  1.942393
39854 354.171021 378.441132  7.302569 -0.003748  1.942393
39864 354.171021 379.431335  8.990880 -0.004596  1.941545
39874 354.171021 379.358948  8.371456 -0.004286  1.941855
39884 354.171021 379.358948  8.371456 -0.004286  1.941855
39894 354.171021 379.617981  8.468372 -0.004336  1.941806
39904 354.171021 381.514313 11.981941 -0.006100  1.940041
39914 354.171021 381.514313 11.981941 -0.006100  1.940041
39924 354.171021 387.109985 23.007935 -0.011636  1.934506
39934 354.171021 387.109985 23.007935 -0.011636  1.934506
39944 354.171021 390.364807 28.585991 -0.014438  1.931704
39954 354.171021 393.987793 34.640564 -0.017480  1.928662
39964 354.171021 393.987793 34.640564 -0.017480  1.928662
39974 354.171021 395.084747 35.124767 -0.017726  1.928416
39984 354.171021 397.376190 38.063995 -0.019205  1.926937
39994 354.171021 397.376190 38.063995 -0.019205  1.926937
40004 354.171021 400.822937 43.252399 -0.021813  1.924329
40014 354.171021 400.822937 43.252399 -0.021813  1.924329
40024 354.171021 403.123016 45.790279 -0.023091  1.923051
40034 354.171021 406.517181 50.470364 -0.025445  1.920697
40044 354.171021 406.517181 50.470364 -0.025445  1.920697
40054 354.171021 407.880646 50.681923 -0.025556  1.920586
40064 354.171021 410.910034 54.353344 -0.027404  1.918738
40074 354.171021 410.910034 54.353344 -0.027404  1.918738
40084 354.171021 409.752747 49.122940 -0.024784  1.921358
40094 354.171021 409.752747 49.122940 -0.024784  1.921358
40104 354.171021 406.888062 40.608662 -0.020515  1.925627
40114 354.171021 414.483948 54.297295 -0.027390  1.918752
40124 354.171021 414.483948 54.297295 -0.027390  1.918752
40134 354.171021 417.890594 58.560215 -0.029535  1.916607
40144 354.171021 415.535675 50.614330 -0.025553  1.920589
40154 354.171021 415.535675 50.614330 -0.025553  1.920589
40164 354.171021 413.998291 44.781109 -0.022630  1.923512
40174 354.171021 413.998291 44.781109 -0.022630  1.923512
40184 354.171021 415.678070 45.946152 -0.023219  1.922923
40194 354.171021 416.637360 45.548962 -0.023024  1.923117
40204 354.171021 416.637360 45.548962 -0.023024  1.923117
40214 354.171021 418.513641 47.084679 -0.023800  1.922342
40224 354.171021 417.916229 43.389015 -0.021950  1.924192
40234 354.171021 417.916229 43.389015 -0.021950  1.924192
40244 354.171021 417.745880 40.776596 -0.020643  1.925499
40254 354.171021 417.745880 40.776596 -0.020643  1.925499
40264 354.171021 419.028107 41.323769 -0.020921  1.925220
40274 354.171021 420.514191 42.270630 -0.021401  1.924741
40284 354.171021 420.514191 42.270630 -0.021401  1.924741
40294 354.171021 421.300842 41.709229 -0.021123  1.925019
40304 354.171021 423.604767 44.337814 -0.022447  1.923695
40314 354.171021 423.604767 44.337814 -0.022447  1.923695
40324 354.171021 427.943024 51.064148 -0.025827  1.920314
40334 354.171021 427.943024 51.064148 -0.025827  1.920314
40344 354.171021 430.081268 52.855122 -0.026731  1.919410
40354 354.171021 431.449127 52.948135 -0.026783  1.919358
40364 354.171021 431.449127 52.948135 -0.026783  1.919358
40374 354.171021 431.631226 50.571373 -0.025596  1.920546
40384 354.171021 431.145996 46.932278 -0.023774  1.922368
40394 354.171021 431.145996 46.932278 -0.023774  1.922368
40404 354.171021 433.883972 50.188610 -0.025413  1.920728
40414 354.171021 433.883972 50.188610 -0.025413  1.920728
40424 354.171021 436.764038 53.570770 -0.027116  1.919026
40434 354.171021 441.219238 60.050526 -0.030374  1.915768
40444 354.171021 441.219238 60.050526 -0.030374  1.915768
40454 354.171021 443.996796 62.702927 -0.031711  1.914431
40464 354.171021 446.056824 63.721607 -0.032228  1.913913
40474 354.171021 446.056824 63.721607 -0.032228  1.913913
40484 354.171021 449.566895 67.706589 -0.034235  1.911907
40494 354.171021 449.566895 67.706589 -0.034235  1.911907
40504 354.171021 450.118286 65.329628 -0.033049  1.913093
40514 354.171021 451.892059 65.626656 -0.033204  1.912937
40524 354.171021 451.892059 65.626656 -0.033204  1.912937
40534 354.171021 454.000366 66.602654 -0.033701  1.912441
40544 354.171021 454.651031 64.492775 -0.032648  1.913493
40554 354.171021 454.651031 64.492775 -0.032648  1.913493
40564 354.171021 454.248352 60.301132 -0.030551  1.915591
40574 354.171021 454.248352 60.301132 -0.030551  1.915591
40584 354.171021 452.485229 53.491886 -0.027139  1.919002
40594 354.171021 454.005066 53.865486 -0.027332  1.918809
40604 354.171021 454.005066 53.865486 -0.027332  1.918809
40614 354.171021 454.223419 51.508957 -0.026155  1.919987
40624 354.171021 454.030579 48.418636 -0.024609  1.921533
40634 354.171021 454.030579 48.418636 -0.024609  1.921533
40644 354.171021 457.269745 52.630325 -0.026728  1.919414
40654 354.171021 457.269745 52.630325 -0.026728  1.919414
40664 354.171021 457.315460 49.972610 -0.025399  1.920743
40674 354.171021 458.439362 49.694267 -0.025264  1.920877
40684 354.171021 458.439362 49.694267 -0.025264  1.920877
40694 354.171021 457.211487 44.545620 -0.022685  1.923457
40704 354.171021 452.168854 31.731686 -0.016258  1.929884
40714 354.171021 452.168854 31.731686 -0.016258  1.929884
40724 354.171021 453.444794 32.729469 -0.016762  1.929380
40734 354.171021 453.444794 32.729469 -0.016762  1.929380
40744 354.171021 450.266418 24.403816 -0.012587  1.933555
40754 354.171021 445.499481 13.206567 -0.006969  1.939173
40764 354.171021 445.499481 13.206567 -0.006969  1.939173
40774 354.171021 441.258636  3.687415 -0.002192  1.943949
40784 354.171021 434.810547 -9.928165  0.004641  1.950783
40794 354.171021 434.810547 -9.928165  0.004641  1.950783
40804 354.171021 429.316132 -20.852289  0.010125  1.956267
40814 354.171021 429.316132 -20.852289  0.010125  1.956267
40824 354.171021 423.149231 -32.609341  0.016029  1.962170
40834 354.171021 421.078644 -35.228161  0.017346  1.963488
40844 354.171021 421.078644 -35.228161  0.017346  1.963488
40854 354.171021 410.028015 -56.388283  0.027970  1.974112
40864 354.171021 404.492584 -64.978752  0.032288  1.978430
40874 354.171021 404.492584 -64.978752  0.032288  1.978430
40884 354.171021 397.669800 -75.792213  0.037722  1.983864
40894 354.171021 397.669800 -75.792213  0.037722  1.983864
40904 354.171021 388.449005 -91.031906  0.045379  1.991520
40914 354.171021 377.141968 -109.820816  0.054818  2.000960
40924 354.171021 377.141968 -109.820816  0.054818  2.000960
40934 354.171021 368.572571 -121.933983  0.060909  2.007051
40944 354.171021 356.960632 -139.746750  0.069862  2.016004
40954 354.171021 356.960632 -139.746750  0.069862  2.016004
40964 354.171021 348.167297 -150.768372  0.075408  2.021550
40974 354.171021 348.167297 -150.768372  0.075408  2.021550
40984 354.171021 340.650604 -158.555298  0.079332  2.025473
40994 354.171021 331.880402 -168.544220  0.084361  2.030503
41004 354.171021 331.880402 -168.544220  0.084361  2.030503
41014 354.171021 321.057678 -182.285980  0.091275  2.037417
41024 354.171021 312.091705 -191.451035  0.095894  2.042036
41034 354.171021 312.091705 -191.451035  0.095894  2.042036
41044 354.171021 301.461517 -203.600250  0.102011  2.048153
41054 354.171021 301.461517 -203.600250  0.102011  2.048153
41064 354.171021 294.079193 -208.361298  0.104421  2.050563
41074 354.171021 286.940765 -212.373734  0.106456  2.052598
41084 354.171021 286.940765 -212.373734  0.106456  2.052598
41094 354.171021 280.847534 -214.004913  0.107296  2.053437
41104 354.171021 273.602417 -217.943497  0.109294  2.055436
41114 354.171021 273.602417 -217.943497  0.109294  2.055436
41124 354.171021 264.940491 -224.626526  0.112670  2.058812
41134 354.171021 264.940491 -224.626526  0.112670  2.058812
41144 354.171021 260.201050 -222.795532  0.111774  2.057915
41154 354.171021 250.966751 -230.410980  0.115618  2.061760
41164 354.171021 250.966751 -230.410980  0.115618  2.061760
41174 354.171021 243.890259 -233.143646  0.117013  2.063155
41184 354.171021 239.278854 -230.602829  0.115761  2.061903
41194 354.171021 239.278854 -230.602829  0.115761  2.061903
41204 354.171021 239.824570 -217.466461  0.109191  2.055332
41214 354.171021 239.824570 -217.466461  0.109191  2.055332
41224 354.171021 231.054794 -224.393066  0.112689  2.058831
41234 354.171021 233.701080 -207.214111  0.104089  2.050231
41244 354.171021 233.701080 -207.214111  0.104089  2.050231
41254 354.171021 233.369217 -197.127930  0.099047  2.045189
41264 354.171021 231.074799 -191.648178  0.096317  2.042459
41274 354.171021 231.074799 -191.648178  0.096317  2.042459
41284 354.171021 233.588974 -176.449310  0.088707  2.034849
41294 354.171021 233.588974 -176.449310  0.088707  2.034849
41304 354.171021 230.941757 -172.779099  0.086883  2.033025
41314 354.171021 225.795090 -174.496368  0.087762  2.033904
41324 354.171021 225.795090 -174.496368  0.087762  2.033904
41334 354.171021 223.978165 -169.193558  0.085118  2.031260
41344 354.171021 221.109360 -166.352783  0.083709  2.029851
41354 354.171021 221.109360 -166.352783  0.083709  2.029851
41364 354.171021 221.034821 -157.839066  0.079452  2.025594
41374 354.171021 221.034821 -157.839066  0.079452  2.025594
41384 354.171021 218.432419 -155.020248  0.078053  2.024195
41394 354.171021 218.599014 -146.583298  0.073834  2.019976
41404 354.171021 218.599014 -146.583298  0.073834  2.019976
41414 354.171021 218.701416 -138.719177  0.069902  2.016044
41424 354.171021 218.529938 -131.843536  0.066465  2.012606
41434 354.171021 218.529938 -131.843536  0.066465  2.012606
41444 354.171021 223.414795 -114.809578  0.057928  2.004070
41454 354.171021 223.414795 -114.809578  0.057928  2.004070
41464 354.171021 229.612076 -95.933525  0.048465  1.994607
41474 354.171021 237.337540 -74.864357  0.037900  1.984042
41484 354.171021 237.337540 -74.864357  0.037900  1.984042
41494 354.171021 238.194733 -69.181511  0.035055  1.981197
41504 354.171021 242.477859 -56.670353  0.028782  1.974924
41514 354.171021 242.477859 -56.670353  0.028782  1.974924
41524 354.171021 254.348282 -29.027525  0.014914  1.961055
41534 354.171021 254.348282 -29.027525  0.014914  1.961055
41544 354.171021 257.650696 -20.654427  0.010714  1.956855
41554 354.171021 259.518433 -15.702907  0.008231  1.954372
41564 354.171021 259.518433 -15.702907  0.008231  1.954372
41574 354.171021 265.890472 -1.638527  0.001173  1.947315
41584 354.171021 273.066498 13.368808 -0.006360  1.939782
41594 354.171021 273.066498 13.368808 -0.006360  1.939782
41604 354.171021 279.416962 25.875938 -0.012638  1.933503
41614 354.171021 279.416962 25.875938 -0.012638  1.933503
41624 354.171021 283.131500 32.249813 -0.015840  1.930301
41634 354.171021 290.500549 45.897514 -0.022694  1.923448
41644 354.171021 290.500549 45.897514 -0.022694  1.923448
41654 354.171021 295.180786 53.243439 -0.026385  1.919756
41664 354.171021 297.263306 54.805126 -0.027174  1.918967
41674 354.171021 297.263306 54.805126 -0.027174  1.918967
41684 354.171021 301.640747 61.057575 -0.030318  1.915823
41694 354.171021 301.640747 61.057575 -0.030318  1.915823
41704 354.171021 301.497681 57.582752 -0.028580  1.917561
41714 354.171021 303.655396 59.074528 -0.029335  1.916807
41724 354.171021 303.655396 59.074528 -0.029335  1.916807
41734 354.171021 305.237885 59.292377 -0.029450  1.916692
41744 354.171021 307.235291 60.364437 -0.029994  1.916148
41754 354.171021 307.235291 60.364437 -0.029994  1.916148
41764 354.171021 311.509430 66.116348 -0.032887  1.913255
41774 354.171021 311.509430 66.116348 -0.032887  1.913255
41784 354.171021 312.942596 65.662636 -0.032666  1.913476
41794 354.171021 314.533630 65.561646 -0.032622  1.913520
41804 354.171021 314.533630 65.561646 -0.032622  1.913520
41814 354.171021 314.530762 62.154976 -0.030919  1.915223
41824 354.171021 314.766052 59.416927 -0.029550  1.916591
41834 354.171021 314.766052 59.416927 -0.029550  1.916591
41844 354.171021 310.915253 48.321228 -0.023987  1.922155
41854 354.171021 310.915253 48.321228 -0.023987  1.922155
41864 354.171021 314.262695 52.776020 -0.026228  1.919914
41874 354.171021 312.183014 45.702980 -0.022683  1.923459
41884 354.171021 312.183014 45.702980 -0.022683  1.923459
41894 354.171021 313.743622 46.573750 -0.023125  1.923017
41904 354.171021 316.290802 49.452297 -0.024574  1.921567
41914 354.171021 316.290802 49.452297 -0.024574  1.921567
41924 354.171021 317.853455 50.137230 -0.024923  1.921219
41934 354.171021 317.853455 50.137230 -0.024923  1.921219
41944 354.171021 317.264618 46.311474 -0.023008  1.923134
41954 354.171021 316.790436 42.923042 -0.021312  1.924830
41964 354.171021 316.790436 42.923042 -0.021312  1.924830
41974 354.171021 317.545868 42.266575 -0.020986  1.925155
41984 354.171021 318.644684 42.360905 -0.021038  1.925104
41994 354.171021 318.644684 42.360905 -0.021038  1.925104
42004 354.171021 320.004333 42.990742 -0.021358  1.924783
42014 354.171021 320.004333 42.990742 -0.021358  1.924783
42024 354.171021 322.408386 45.762741 -0.022754  1.923388
42034 354.171021 321.625732 41.761036 -0.020750  1.925392
42044 354.171021 321.625732 41.761036 -0.020750  1.925392
42054 354.171021 321.570068 39.475689 -0.019607  1.926535
42064 354.171021 318.657227 31.363073 -0.015539  1.930603
42074 354.171021 318.657227 31.363073 -0.015539  1.930603
42084 354.171021 319.310913 31.092369 -0.015406  1.930735
42094 354.171021 319.310913 31.092369 -0.015406  1.930735
42104 354.171021 321.202393 33.419552 -0.016578  1.929564
42114 354.171021 322.011230 33.371468 -0.016557  1.929585
42124 354.171021 322.011230 33.371468 -0.016557  1.929585
42134 354.171021 321.455536 30.488222 -0.015113  1.931029
42144 354.171021 321.901245 29.835941 -0.014789  1.931353
42154 354.171021 321.901245 29.835941 -0.014789  1.931353
42164 354.171021 320.230835 24.808655 -0.012268  1.933873
42174 354.171021 320.230835 24.808655 -0.012268  1.933873
42184 354.171021 320.406464 23.886999 -0.011808  1.934334
42194 354.171021 317.102448 15.771575 -0.007737  1.938404
42204 354.171021 317.102448 15.771575 -0.007737  1.938404
42214 354.171021 318.045441 16.920057 -0.008315  1.937827
42224 354.171021 320.749329 21.675240 -0.010704  1.935438
42234 354.171021 320.749329 21.675240 -0.010704  1.935438
42244 354.171021 320.480591 19.995180 -0.009863  1.936279
42254 354.171021 320.480591 19.995180 -0.009863  1.936279
42264 354.171021 321.143890 20.342529 -0.010039  1.936103
42274 354.171021 323.080200 23.315094 -0.011533  1.934609
42284 354.171021 323.080200 23.315094 -0.011533  1.934609
42294 354.171021 322.532776 20.963608 -0.010355  1.935787
42304 354.171021 326.414490 27.948946 -0.013863  1.932279
42314 354.171021 326.414490 27.948946 -0.013863  1.932279
42324 354.171021 327.313507 28.370750 -0.014078  1.932064
42334 354.171021 327.313507 28.370750 -0.014078  1.932064
42344 354.171021 328.534546 29.440351 -0.014617  1.931524
42354 354.171021 328.577179 27.998579 -0.013897  1.932245
42364 354.171021 328.577179 27.998579 -0.013897  1.932245
42374 354.171021 330.610077 30.772165 -0.015292  1.930850
42384 354.171021 331.248474 30.499479 -0.015158  1.930984
42394 354.171021 331.248474 30.499479 -0.015158  1.930984
42404 354.171021 331.973694 30.417175 -0.015120  1.931022
42414 354.171021 331.973694 30.417175 -0.015120  1.931022
42424 354.171021 330.196350 25.138556 -0.012473  1.933669
42434 354.171021 331.667633 26.891270 -0.013355  1.932786
42444 354.171021 331.667633 26.891270 -0.013355  1.932786
42454 354.171021 327.550720 16.929413 -0.008358  1.937784
42464 354.171021 327.273651 15.477236 -0.007631  1.938511
42474 354.171021 327.273651 15.477236 -0.007631  1.938511
42484 354.171021 327.866547 15.912820 -0.007851  1.938291
42494 354.171021 327.866547 15.912820 -0.007851  1.938291
42504 354.171021 325.135345  9.409680 -0.004588  1.941553
42514 354.171021 323.912628  6.381222 -0.003069  1.943072
42524 354.171021 323.912628  6.381222 -0.003069  1.943072
42534 354.171021 324.687897  7.668258 -0.003716  1.942426
42544 354.171021 325.526611  9.022360 -0.004396  1.941745
42554 354.171021 325.526611  9.022360 -0.004396  1.941745
42564 354.171021 326.409454 10.397608 -0.005088  1.941054
42574 354.171021 326.409454 10.397608 -0.005088  1.941054
42584 354.171021 325.625336  8.229801 -0.004000  1.942141
42594 354.171021 323.034576  2.417834 -0.001084  1.945058
42604 354.171021 323.034576  2.417834 -0.001084  1.945058
42614 354.171021 320.218781 -3.558976  0.001916  1.948057
42624 354.171021 321.220978 -1.287253  0.000776  1.946917
42634 354.171021 321.220978 -1.287253  0.000776  1.946917
42644 354.171021 321.122406 -1.421373  0.000843  1.946985
42654 354.171021 321.122406 -1.421373  0.000843  1.946985
42664 354.171021 321.051575 -1.490231  0.000878  1.947020
42674 354.171021 320.127472 -3.332942  0.001803  1.947945
42684 354.171021 320.127472 -3.332942  0.001803  1.947945
42694 354.171021 318.865723 -5.785208  0.003034  1.949176
42704 354.171021 317.930969 -7.427402  0.003859  1.950001
42714 354.171021 317.930969 -7.427402  0.003859  1.950001
42724 354.171021 319.767151 -3.217092  0.001746  1.947888
